sens,FAR,szfree,meanDrug,meanSz
1.0,0.0,0.59,4.384615384615385,3.2905982905982905
1.0,0.011111111111111112,0.57,4.358974358974359,2.269230769230769
1.0,0.03333333333333333,0.65,4.538461538461538,2.8119658119658117
1.0,0.1111111111111111,0.59,4.282051282051282,2.1495726495726495
1.0,0.3333333333333333,0.63,4.461538461538462,3.217948717948718
1.0,1.0,0.72,4.384615384615385,3.786324786324786
1.0,3.0,0.69,4.333333333333333,2.9188034188034186
0.9,0.0,0.63,4.346153846153846,4.094017094017094
0.9,0.011111111111111112,0.62,4.461538461538462,2.8376068376068377
0.9,0.03333333333333333,0.61,4.32051282051282,3.9145299145299144
0.9,0.1111111111111111,0.63,4.384615384615385,3.2393162393162394
0.9,0.3333333333333333,0.72,4.230769230769231,2.9957264957264957
0.9,1.0,0.67,4.461538461538462,2.452991452991453
0.9,3.0,0.52,4.371794871794871,2.5256410256410255
0.8,0.0,0.65,4.410256410256411,4.6239316239316235
0.8,0.011111111111111112,0.68,4.333333333333333,2.4957264957264957
0.8,0.03333333333333333,0.62,4.5,3.7094017094017095
0.8,0.1111111111111111,0.68,4.358974358974359,3.6452991452991452
0.8,0.3333333333333333,0.64,4.410256410256411,3.3632478632478633
0.8,1.0,0.62,4.4743589743589745,3.235042735042735
0.8,3.0,0.61,4.358974358974359,4.183760683760684
0.7,0.0,0.56,4.3076923076923075,2.9786324786324787
0.7,0.011111111111111112,0.57,4.333333333333333,3.576923076923077
0.7,0.03333333333333333,0.69,4.333333333333333,5.564102564102564
0.7,0.1111111111111111,0.58,4.205128205128205,3.0085470085470085
0.7,0.3333333333333333,0.65,4.397435897435898,3.3119658119658117
0.7,1.0,0.73,4.384615384615385,2.3076923076923075
0.7,3.0,0.73,4.1923076923076925,2.4572649572649574
0.6,0.0,0.65,4.256410256410256,2.4316239316239314
0.6,0.011111111111111112,0.61,4.217948717948718,2.252136752136752
0.6,0.03333333333333333,0.58,4.358974358974359,3.2264957264957266
0.6,0.1111111111111111,0.53,4.435897435897436,3.465811965811966
0.6,0.3333333333333333,0.59,4.461538461538462,3.1880341880341883
0.6,1.0,0.59,4.461538461538462,4.564102564102564
0.6,3.0,0.67,4.217948717948718,2.405982905982906
0.5,0.0,0.6,4.153846153846154,4.051282051282051
0.5,0.011111111111111112,0.73,4.166666666666667,3.02991452991453
0.5,0.03333333333333333,0.71,4.1923076923076925,2.6324786324786325
0.5,0.1111111111111111,0.61,4.269230769230769,2.764957264957265
0.5,0.3333333333333333,0.63,4.3076923076923075,2.547008547008547
0.5,1.0,0.61,4.461538461538462,5.371794871794871
0.5,3.0,0.69,4.282051282051282,3.2948717948717947
