sens,FAR,szfree,meanDrug,meanSz
1.0,0.0,0.67,4.141025641025641,1.1581196581196582
1.0,0.011111111111111112,0.67,3.6666666666666665,0.8547008547008547
1.0,0.03333333333333333,0.64,4.17948717948718,1.205128205128205
1.0,0.1111111111111111,0.65,4.012820512820513,0.8760683760683761
1.0,0.3333333333333333,0.64,4.205128205128205,0.9743589743589743
1.0,1.0,0.65,4.333333333333333,1.0854700854700854
1.0,3.0,0.62,4.230769230769231,1.5683760683760684
0.9,0.0,0.68,4.153846153846154,0.8675213675213675
0.9,0.011111111111111112,0.53,3.9615384615384617,0.9017094017094017
0.9,0.03333333333333333,0.63,3.91025641025641,0.8803418803418803
0.9,0.1111111111111111,0.57,4.038461538461538,0.7094017094017094
0.9,0.3333333333333333,0.61,4.294871794871795,1.3247863247863247
0.9,1.0,0.63,4.230769230769231,1.3675213675213675
0.9,3.0,0.62,4.076923076923077,0.6111111111111112
0.8,0.0,0.66,3.6923076923076925,0.9230769230769231
0.8,0.011111111111111112,0.57,4.0,0.8461538461538461
0.8,0.03333333333333333,0.63,4.17948717948718,0.9700854700854701
0.8,0.1111111111111111,0.62,4.0256410256410255,1.0726495726495726
0.8,0.3333333333333333,0.68,4.064102564102564,0.9188034188034188
0.8,1.0,0.67,4.230769230769231,1.2905982905982907
0.8,3.0,0.67,4.089743589743589,1.1025641025641026
0.7,0.0,0.64,3.8333333333333335,0.8974358974358975
0.7,0.011111111111111112,0.59,4.1923076923076925,1.1367521367521367
0.7,0.03333333333333333,0.62,4.0,1.2905982905982907
0.7,0.1111111111111111,0.64,4.153846153846154,1.2521367521367521
0.7,0.3333333333333333,0.67,3.769230769230769,0.7606837606837606
0.7,1.0,0.68,4.153846153846154,0.7991452991452992
0.7,3.0,0.64,4.102564102564102,0.7649572649572649
0.6,0.0,0.68,3.6666666666666665,0.7735042735042735
0.6,0.011111111111111112,0.62,3.7948717948717947,0.7948717948717948
0.6,0.03333333333333333,0.6,4.0256410256410255,1.0854700854700854
0.6,0.1111111111111111,0.64,3.8333333333333335,1.123931623931624
0.6,0.3333333333333333,0.7,4.012820512820513,0.9230769230769231
0.6,1.0,0.63,4.102564102564102,0.8846153846153846
0.6,3.0,0.65,4.076923076923077,0.8547008547008547
0.5,0.0,0.57,3.8333333333333335,1.1025641025641026
0.5,0.011111111111111112,0.65,3.3461538461538463,0.8632478632478633
0.5,0.03333333333333333,0.53,3.9871794871794872,1.2393162393162394
0.5,0.1111111111111111,0.65,3.8205128205128207,1.7777777777777777
0.5,0.3333333333333333,0.69,3.7564102564102564,0.7435897435897436
0.5,1.0,0.63,3.9743589743589745,0.9102564102564102
0.5,3.0,0.64,4.128205128205129,1.235042735042735
